  12,
  16,
  19,
  23,
  28,
  29,
  54,
  55,
  56,
  57,
  58,
  59,
  60,
  61,
  62,
  63,
  64,
  65,
  66,
  67,
  68,
  69,
  70,
  71,
  72,
  73,
  74,
  75,
  76,
  77,
  78,
  81,
  100,
  101,
  102,
  103,
  104,
  105,
  106,
  107,
  108,
  109,
  110,
  111,
  112,
  113,
  114,
  115,
  116,
  117,
  118,
  119,
  143,
  144,
  145,
  146,
  147,
  148,
  149,
  150,
  200,
  201,
  202,
  203,
  204,
  205,
  206,
  210,
  211,
  212,
  213,
  214,
  215,
  216,
  217,
  218,
  219,
  220,
  221,
  222,
  223,
  224,
  225,
  226,
  227,
  228,
  229,
  230,
  231,
  232,
  233,
  234,
  240,
  241,
  242,
  243,
  244,
  245,
  246,
  247,
  248,
  249,
  251,
  257,
  258,
  259,
  260,
  261,
  262,
  263,
  264,
  265,
  286,
  287,
  288,
  289,
  290,
  291,
  292,
  293,
  298,
  300,
  301,
  302,
  303,
  304,
  305,
  306,
  307,
  308,
  309,
  310,
  311,
  312,
  313,
  314,
  315,
  316,
  317,
  350,
  351,
  352,
  353,
  354,
  355,
  356,
  357,
  358,
  359,
  360,
  361,
  362,
  363,
  364,
  365,
  366,
  367,
  368,
  369,
  370,
  371,
  372,
  373,
  374,
  375,
  376,
  377,
  378,
  379,
  380,
  381,
  382,
  383,
  384,
  400,
  401,
  402,
  403,
  404,
  405,
  406,
  407,
  408,
  409,
  410,
  411,
  412,
  413,
  414,
  415,
  416,
  417,
  418,
  419,
  420,
  421,
  422,
  423,
  424,
  425,
  426,
  427,
  428,
  429,
  430,
  431,
  432,
  433,
  434,
  435,
  436,
  437,
  438,
  440,
  441,
  442,
  450,
  451,
  452,
  453,
  600,
  601,
  602,
  603,
  604,
  605,
  606,
  607,
  608,
  609,
  610,
  611,
  612,
  613,
  614,
  615,
  616,
  617,
  618,
  619,
  652,
  653,
  654,
  655,
  656,
  657,
  658,
  659,
  660,
  661,
  662,
  663,
  664,
  665,
  671,
  678,
  700,
  701,
  702,
  703,
  704,
  705,
  706,
  707,
  708,
  709,
  710,
  711,
  800,
  801,
  802,
  803,
  804,
  805,
  806,
  807,
  808,
  809,
  810,
  811,
  812,
  813,
  814,
  815,
  816,
  817,
  818,
  819,
  820,
  821,
  822,
  823,
  824,
  825,
  826,
  827,
  828,
  829,
  830,
  831,
  832,
  833,
  850,
  851,
  852,
  853,
  854,
  855,
  856,
  857,
  858,
  859,
  860,
  861,
  862,
  880,
  881,
  882,
  883,
  884,
  885,
  900,
  901,
  902,
  903,
  904,
  905,
  906,
  907,
  908,
  909,
  910,
  911,
  912,
  913,
  914,
  915,
  916,
  917,
  918,
  919,
  920,
  921,
  922,
  923,
  4089,
